5 -33.826965 -33.491208 1.230388 0.000000 0.000000 4 19.936053 29.459382  21.936053 29.459382  21.936053 31.459382  19.936053 31.459382  
5 -33.187179 -34.189840 -2.607252 0.000000 0.000000 4 21.554071 36.036610  23.554071 36.036610  23.554071 38.036610  21.554071 38.036610  
5 0.766436 -33.007872 -0.801442 0.000000 0.000000 4 17.038635 34.096977  19.038635 34.096977  19.038635 36.096977  17.038635 36.096977  
5 5.112066 -35.203612 0.596010 0.000000 0.000000 4 17.517094 30.193022  19.517094 30.193022  19.517094 32.193022  17.517094 32.193022  
5 -10.570467 -32.202419 0.809793 0.000000 0.000000 4 0.055718 36.540126  2.055718 36.540126  2.055718 38.540126  0.055718 38.540126  
5 -6.329108 -32.570683 2.142463 0.000000 0.000000 4 -38.602541 35.961750  -36.602541 35.961750  -36.602541 37.961750  -38.602541 37.961750  
5 12.634452 -33.938507 -0.956677 0.000000 0.000000 4 -22.431561 32.377284  -20.431561 32.377284  -20.431561 34.377284  -22.431561 34.377284  
5 -35.129884 -31.980208 -0.724447 0.000000 0.000000 4 -32.143644 32.927928  -30.143644 32.927928  -30.143644 34.927928  -32.143644 34.927928  
5 -7.825283 -32.967238 1.096374 0.000000 0.000000 4 -7.778757 34.475239  -5.778757 34.475239  -5.778757 36.475239  -7.778757 36.475239  
5 -9.738565 -33.742237 -2.284653 0.000000 0.000000 4 -17.581432 33.847996  -15.581432 33.847996  -15.581432 35.847996  -17.581432 35.847996  
5 -4.914036 -34.283227 2.415758 0.000000 0.000000 4 -19.943584 29.643509  -17.943584 29.643509  -17.943584 31.643509  -19.943584 31.643509  
5 -10.701011 -31.419433 -0.897974 0.000000 0.000000 4 -16.864000 36.077211  -14.864000 36.077211  -14.864000 38.077211  -16.864000 38.077211  
5 -0.020433 -31.815146 2.724922 0.000000 0.000000 4 6.132240 31.074657  8.132240 31.074657  8.132240 33.074657  6.132240 33.074657  
5 1.934409 -33.271947 -2.254718 0.000000 0.000000 4 -0.553462 37.384956  1.446538 37.384956  1.446538 39.384956  -0.553462 39.384956  
5 -34.662272 -32.725719 1.245927 0.000000 0.000000 4 -19.052374 31.820369  -17.052374 31.820369  -17.052374 33.820369  -19.052374 33.820369  
5 -32.850804 -31.064092 2.440959 0.000000 0.000000 4 -8.353257 32.257437  -6.353257 32.257437  -6.353257 34.257437  -8.353257 34.257437  
5 -3.867531 -32.710176 1.590605 0.000000 0.000000 4 3.290485 33.873516  5.290485 33.873516  5.290485 35.873516  3.290485 35.873516  
5 -5.315203 -35.356748 1.347817 0.000000 0.000000 4 -36.743980 30.625423  -34.743980 30.625423  -34.743980 32.625423  -36.743980 32.625423  
5 -34.095950 -31.162249 -1.428835 0.000000 0.000000 4 20.175075 30.068353  22.175075 30.068353  22.175075 32.068353  20.175075 32.068353  
5 2.503822 -32.227016 -1.030434 0.000000 0.000000 4 0.977192 36.863615  2.977192 36.863615  2.977192 38.863615  0.977192 38.863615  
5 9.930797 -33.894651 -2.781051 0.000000 0.000000 4 -16.763410 35.148809  -14.763410 35.148809  -14.763410 37.148809  -16.763410 37.148809  
5 -9.871981 -32.660220 -2.223125 0.000000 0.000000 4 7.236865 36.816393  9.236865 36.816393  9.236865 38.816393  7.236865 38.816393  
5 -1.046472 -32.347394 0.560969 0.000000 0.000000 4 -30.461629 33.274927  -28.461629 33.274927  -28.461629 35.274927  -30.461629 35.274927  
5 -4.349771 -32.708506 0.347635 0.000000 0.000000 4 -25.904464 37.469864  -23.904464 37.469864  -23.904464 39.469864  -25.904464 39.469864  
5 -7.628750 -33.649839 -0.484082 0.000000 0.000000 4 30.189940 35.336792  32.189940 35.336792  32.189940 37.336792  30.189940 37.336792  
5 -0.169690 -32.726129 -2.720934 0.000000 0.000000 4 -11.461776 30.888655  -9.461776 30.888655  -9.461776 32.888655  -11.461776 32.888655  
5 -1.266668 -32.455479 2.626465 0.000000 0.000000 4 2.247153 31.990223  4.247153 31.990223  4.247153 33.990223  2.247153 33.990223  
5 11.083176 -34.648990 2.895696 0.000000 0.000000 4 24.572179 36.766825  26.572179 36.766825  26.572179 38.766825  24.572179 38.766825  
5 -6.497309 -32.580726 0.307870 0.000000 0.000000 4 6.619684 30.954661  8.619684 30.954661  8.619684 32.954661  6.619684 32.954661  
5 2.445156 -34.137337 1.536020 0.000000 0.000000 4 37.759145 32.061583  39.759145 32.061583  39.759145 34.061583  37.759145 34.061583  
5 -6.552447 -30.193073 2.522098 0.000000 0.000000 4 27.478312 37.341440  29.478312 37.341440  29.478312 39.341440  27.478312 39.341440  
5 -10.203660 -34.180843 0.880691 0.000000 0.000000 4 21.270286 32.631067  23.270286 32.631067  23.270286 34.631067  21.270286 34.631067  
5 -33.707835 -32.279776 -1.764236 0.000000 0.000000 4 -17.655021 35.605678  -15.655021 35.605678  -15.655021 37.605678  -17.655021 37.605678  
5 -10.756215 -31.980363 -0.383611 0.000000 0.000000 4 35.310444 33.899417  37.310444 33.899417  37.310444 35.899417  35.310444 35.899417  
5 -2.167843 -32.601480 -0.775201 0.000000 0.000000 4 5.436417 36.485430  7.436417 36.485430  7.436417 38.485430  5.436417 38.485430  
5 -0.333105 -31.376179 -0.633079 0.000000 0.000000 4 -7.482354 31.762864  -5.482354 31.762864  -5.482354 33.762864  -7.482354 33.762864  
5 -5.562557 -31.846887 -0.485806 0.000000 0.000000 4 -9.370014 36.067545  -7.370014 36.067545  -7.370014 38.067545  -9.370014 38.067545  
5 -1.842856 -32.505480 -2.328322 0.000000 0.000000 4 4.907058 30.837188  6.907058 30.837188  6.907058 32.837188  4.907058 32.837188  
5 -5.305945 -32.604967 -1.173983 0.000000 0.000000 4 -0.323231 33.457452  1.676769 33.457452  1.676769 35.457452  -0.323231 35.457452  
5 -5.126049 -34.854994 0.928682 0.000000 0.000000 4 -24.510275 30.424406  -22.510275 30.424406  -22.510275 32.424406  -24.510275 32.424406  
5 5.752116 -35.000663 0.948134 0.000000 0.000000 4 -38.077375 33.565399  -36.077375 33.565399  -36.077375 35.565399  -38.077375 35.565399  
5 -8.009874 -31.108309 -1.819562 0.000000 0.000000 4 19.573015 34.990301  21.573015 34.990301  21.573015 36.990301  19.573015 36.990301  
5 14.255532 -34.094277 -1.713663 0.000000 0.000000 4 31.249243 35.039931  33.249243 35.039931  33.249243 37.039931  31.249243 37.039931  
5 -6.480287 -32.546271 2.904879 0.000000 0.000000 4 -23.894232 35.590624  -21.894232 35.590624  -21.894232 37.590624  -23.894232 37.590624  
5 -3.353918 -31.523922 -0.203544 0.000000 0.000000 4 30.617894 37.410909  32.617894 37.410909  32.617894 39.410909  30.617894 39.410909  
5 -5.239707 -35.093482 2.393697 0.000000 0.000000 4 24.684603 37.765193  26.684603 37.765193  26.684603 39.765193  24.684603 39.765193  
5 12.160523 -34.238108 -0.834192 0.000000 0.000000 4 -29.137073 31.012864  -27.137073 31.012864  -27.137073 33.012864  -29.137073 33.012864  
5 -9.338323 -30.844545 -1.354546 0.000000 0.000000 4 -24.382433 32.582775  -22.382433 32.582775  -22.382433 34.582775  -24.382433 34.582775  
5 -9.202350 -33.743297 2.330428 0.000000 0.000000 4 -39.665058 32.103396  -37.665058 32.103396  -37.665058 34.103396  -39.665058 34.103396  
5 -32.741695 -32.219723 -2.534169 0.000000 0.000000 4 19.295230 32.854489  21.295230 32.854489  21.295230 34.854489  19.295230 34.854489  
5 -33.048722 -35.619270 2.461246 0.000000 0.000000 4 4.221883 36.627926  6.221883 36.627926  6.221883 38.627926  4.221883 38.627926  
5 -6.958426 -35.090741 2.605891 0.000000 0.000000 4 28.835340 30.899256  30.835340 30.899256  30.835340 32.899256  28.835340 32.899256  
5 -6.700265 -31.820569 -0.865261 0.000000 0.000000 4 -15.846579 30.312548  -13.846579 30.312548  -13.846579 32.312548  -15.846579 32.312548  
5 -0.768618 -34.450666 1.247953 0.000000 0.000000 4 -7.466497 31.246408  -5.466497 31.246408  -5.466497 33.246408  -7.466497 33.246408  
5 -3.926456 -34.064325 3.058928 0.000000 0.000000 4 16.565626 29.718731  18.565626 29.718731  18.565626 31.718731  16.565626 31.718731  
5 3.417325 -34.170298 1.052987 0.000000 0.000000 4 3.391425 32.015511  5.391425 32.015511  5.391425 34.015511  3.391425 34.015511  
5 -9.959544 -33.527263 -1.170084 0.000000 0.000000 4 -27.653195 29.195086  -25.653195 29.195086  -25.653195 31.195086  -27.653195 31.195086  
5 -2.695881 -31.284940 -1.073303 0.000000 0.000000 4 29.424606 34.859521  31.424606 34.859521  31.424606 36.859521  29.424606 36.859521  
5 4.156827 -35.515782 0.688399 0.000000 0.000000 4 -24.491630 36.642237  -22.491630 36.642237  -22.491630 38.642237  -24.491630 38.642237  
5 -0.524212 -31.445840 -0.400614 0.000000 0.000000 4 -8.409889 33.497155  -6.409889 33.497155  -6.409889 35.497155  -8.409889 35.497155  
5 -34.395450 -30.110587 -1.176093 0.000000 0.000000 4 31.210892 31.416569  33.210892 31.416569  33.210892 33.416569  31.210892 33.416569  
5 -7.290379 -30.431182 2.195956 0.000000 0.000000 4 -1.311396 33.178417  0.688604 33.178417  0.688604 35.178417  -1.311396 35.178417  
5 -0.804478 -32.636027 -1.127971 0.000000 0.000000 4 20.897166 33.468258  22.897166 33.468258  22.897166 35.468258  20.897166 35.468258  
5 -5.953152 -33.772581 2.783032 0.000000 0.000000 4 -38.772462 33.894264  -36.772462 33.894264  -36.772462 35.894264  -38.772462 35.894264  
5 3.580572 -34.217904 0.125355 0.000000 0.000000 4 -38.080837 32.079956  -36.080837 32.079956  -36.080837 34.079956  -38.080837 34.079956  
5 -4.275638 -34.140263 1.085985 0.000000 0.000000 4 -11.892039 31.918198  -9.892039 31.918198  -9.892039 33.918198  -11.892039 33.918198  
5 -3.248292 -30.740422 -1.390514 0.000000 0.000000 4 -37.049243 30.322363  -35.049243 30.322363  -35.049243 32.322363  -37.049243 32.322363  
5 -10.539992 -35.314148 0.495057 0.000000 0.000000 4 22.111511 31.740727  24.111511 31.740727  24.111511 33.740727  22.111511 33.740727  
5 -32.948846 -32.364858 -1.466571 0.000000 0.000000 4 6.455057 37.421770  8.455057 37.421770  8.455057 39.421770  6.455057 39.421770  
5 -34.998946 -32.721072 -0.633076 0.000000 0.000000 4 -34.780360 29.862305  -32.780360 29.862305  -32.780360 31.862305  -34.780360 31.862305  
5 -5.611874 -32.091893 3.041049 0.000000 0.000000 4 -1.839569 34.160821  0.160431 34.160821  0.160431 36.160821  -1.839569 36.160821  
5 7.057661 -33.725677 0.000503 0.000000 0.000000 4 19.893912 30.051540  21.893912 30.051540  21.893912 32.051540  19.893912 32.051540  
5 3.277794 -34.523801 1.815973 0.000000 0.000000 4 14.429473 34.622093  16.429473 34.622093  16.429473 36.622093  14.429473 36.622093  
5 -33.043184 -30.311403 -1.459862 0.000000 0.000000 4 -31.119262 34.544645  -29.119262 34.544645  -29.119262 36.544645  -31.119262 36.544645  
5 -6.674126 -32.969509 2.504271 0.000000 0.000000 4 -32.006067 33.166795  -30.006067 33.166795  -30.006067 35.166795  -32.006067 35.166795  
5 -10.069272 -33.352266 0.913682 0.000000 0.000000 4 25.515512 32.395664  27.515512 32.395664  27.515512 34.395664  25.515512 34.395664  
5 10.607485 -34.793086 -3.034229 0.000000 0.000000 4 6.866076 31.325529  8.866076 31.325529  8.866076 33.325529  6.866076 33.325529  
5 0.314821 -33.194044 2.914260 0.000000 0.000000 4 10.641571 34.974615  12.641571 34.974615  12.641571 36.974615  10.641571 36.974615  
5 -9.317410 -31.913468 0.531107 0.000000 0.000000 4 18.664823 37.528957  20.664823 37.528957  20.664823 39.528957  18.664823 39.528957  
5 -1.238810 -33.768622 -0.015902 0.000000 0.000000 4 26.500387 29.965935  28.500387 29.965935  28.500387 31.965935  26.500387 31.965935  
5 8.110755 -32.935518 -0.215035 0.000000 0.000000 4 -36.869436 30.065528  -34.869436 30.065528  -34.869436 32.065528  -36.869436 32.065528  
5 3.659637 -35.656053 3.111769 0.000000 0.000000 4 -22.836906 30.595993  -20.836906 30.595993  -20.836906 32.595993  -22.836906 32.595993  
5 -6.708363 -33.344231 0.463988 0.000000 0.000000 4 5.165999 31.841865  7.165999 31.841865  7.165999 33.841865  5.165999 33.841865  
5 -0.849552 -34.366227 2.073024 0.000000 0.000000 4 6.048302 36.432236  8.048302 36.432236  8.048302 38.432236  6.048302 38.432236  
5 8.174001 -34.509941 3.061511 0.000000 0.000000 4 24.047317 29.738438  26.047317 29.738438  26.047317 31.738438  24.047317 31.738438  
5 -33.470563 -33.236302 1.504325 0.000000 0.000000 4 -25.134039 36.783432  -23.134039 36.783432  -23.134039 38.783432  -25.134039 38.783432  
5 -7.637887 -33.040748 2.304469 0.000000 0.000000 4 -13.262648 34.401130  -11.262648 34.401130  -11.262648 36.401130  -13.262648 36.401130  
5 -31.554893 -35.500233 2.187789 0.000000 0.000000 4 19.521451 37.639585  21.521451 37.639585  21.521451 39.639585  19.521451 39.639585  
5 11.228185 -35.523571 2.429349 0.000000 0.000000 4 -15.910002 33.811120  -13.910002 33.811120  -13.910002 35.811120  -15.910002 35.811120  
5 3.589622 -34.434854 2.414673 0.000000 0.000000 4 6.392119 33.849222  8.392119 33.849222  8.392119 35.849222  6.392119 35.849222  
5 -4.589921 -31.677389 0.173692 0.000000 0.000000 4 -14.186267 37.620406  -12.186267 37.620406  -12.186267 39.620406  -14.186267 39.620406  
5 -33.182677 -32.804707 -2.267058 0.000000 0.000000 4 -28.027575 31.642475  -26.027575 31.642475  -26.027575 33.642475  -28.027575 33.642475  
5 -6.372222 -32.437350 2.806545 0.000000 0.000000 4 -20.868418 35.360590  -18.868418 35.360590  -18.868418 37.360590  -20.868418 37.360590  
5 -6.169450 -30.740832 -1.133544 0.000000 0.000000 4 29.242476 33.447846  31.242476 33.447846  31.242476 35.447846  29.242476 35.447846  
5 -3.222908 -34.378516 -0.254080 0.000000 0.000000 4 34.200531 32.856305  36.200531 32.856305  36.200531 34.856305  34.200531 34.856305  
5 -7.834028 -33.761429 0.079561 0.000000 0.000000 4 -21.036525 33.156171  -19.036525 33.156171  -19.036525 35.156171  -21.036525 35.156171  
5 -2.990883 -33.471774 0.356538 0.000000 0.000000 4 -32.100006 37.782310  -30.100006 37.782310  -30.100006 39.782310  -32.100006 39.782310  
5 8.683134 -33.655817 -0.408559 0.000000 0.000000 4 11.555244 36.167353  13.555244 36.167353  13.555244 38.167353  11.555244 38.167353  
5 -8.118134 -33.644139 1.543783 0.000000 0.000000 4 -4.748026 33.933007  -2.748026 33.933007  -2.748026 35.933007  -4.748026 35.933007  
5 -32.641148 -33.104310 -2.849448 0.000000 0.000000 4 -8.410830 36.243745  -6.410830 36.243745  -6.410830 38.243745  -8.410830 38.243745  
